11110
01
01
00
100000111000011000010

00001
10
01
000000000
111111111
00000

11110
01
01
00
100000111000011100010

00001
10
01
000000001
000000111
00000

00010
10
00
000000000
000000000
00000

00010
10
00
000000001
000000000
00000

11000
00
00
000000000
000000000
00000

11000
00
00
000000001
000000000
00000

00011
00
00
000000001
000000000
00000

00100
00
01
000000001
000001111
00000

01100
00
00
000000000
000000001
01111

01011
00
00
000000001
000000000
00000

01111
00
00
000000000
000000001
01001

11001
00
00
000000000
000000000
00000

01001
00
01
000000000
111111111
00000

10000
1100
000000000
000000000
01001

00101
00
00
000000000
000000001
00000

10001
00
00
000000000
000000000
00000